9.599751425299062335e-01
9.599730760886666658e-01
9.599739056889173838e-01
9.599780483298554490e-01
9.599850897576220898e-01
9.599933949151506773e-01
9.905388827308587718e-01
9.917753593127551781e-01
9.919942932759022725e-01
9.919936986656709976e-01
9.919947937121772474e-01
9.919971571323960013e-01
9.982431315822181128e-01
9.983989428986824732e-01
9.983982161333833094e-01
9.983986355069269791e-01
9.996431472308777710e-01
9.996796636572210515e-01
9.996788501817067685e-01
9.996789926649540803e-01
9.999357338427570241e-01
9.999344549606028476e-01
9.999341908078197561e-01
9.999864790471071352e-01
9.999840485613850083e-01
9.999831388384021746e-01
9.999958260859471704e-01
9.999937996654425509e-01
9.999983005707477890e-01
9.999972212396605054e-01
9.999962847173511360e-01
9.999982748785426478e-01
9.999974317410651459e-01
9.999984128038323927e-01
9.999991431557477828e-01
9.999982914584116811e-01
9.999987885883542260e-01
9.999991156135376036e-01
9.999984906470976709e-01
9.999985543828863177e-01
9.999985977548065952e-01
9.999986183736068179e-01
9.999986198057200237e-01
9.999986158373967982e-01
9.999990187739743464e-01
9.999987801918716057e-01
9.999986191590188866e-01
9.999988368910048830e-01
9.999986016331122718e-01
9.999986470099455627e-01
9.999987185257790401e-01
9.999987389397635429e-01
9.999986959504775230e-01
9.999986434301847416e-01
9.999988163024766674e-01
9.999986662217902333e-01
9.999987345878131872e-01
9.999987791769268108e-01
9.999987374227494730e-01
9.999988109234260181e-01
9.999987976274631318e-01
9.999988672523641986e-01
9.999988503567860398e-01
9.999990086922480037e-01
9.999988522678788794e-01
9.999989312734237634e-01
9.999990800343940833e-01
9.999991224051553163e-01
9.999990979333748253e-01
9.999990568789948187e-01
9.999991404652253113e-01
9.999990487806846851e-01
9.999990441175101719e-01
9.999991024782710625e-01
9.999990656783855902e-01
9.999990800414700898e-01
9.999991419978536689e-01
9.999990685372018850e-01
9.999990611020023179e-01
9.999990700257682663e-01
