9.520675358523349452e-01
9.520649949066123385e-01
9.520652338398176706e-01
9.520687919344020811e-01
9.520754158146658153e-01
9.520836405969249627e-01
9.804422626573268129e-01
9.827661786385938347e-01
9.838380549314259538e-01
9.839144830520165641e-01
9.839144800468121455e-01
9.839163420286483053e-01
9.839190442728775743e-01
9.905874585572069790e-01
9.911811189347820017e-01
9.912545621189483569e-01
9.912546220171586375e-01
9.912556779965741027e-01
9.935153977014266058e-01
9.937702275973252508e-01
9.937699005551720033e-01
9.937704649052769845e-01
9.949164900030907921e-01
9.949994113374499571e-01
9.949997250971620577e-01
9.956769331084570629e-01
9.957363570608915859e-01
9.960808798553373311e-01
9.962312806881423732e-01
9.962313704228246136e-01
9.965936316525566552e-01
9.965929316055942566e-01
9.968702185270329474e-01
9.970337749997499888e-01
9.970909342078168036e-01
9.972720837295704355e-01
9.973912875067389994e-01
9.974243086545271364e-01
9.975529463278827169e-01
9.976624218464541505e-01
9.977601844975325651e-01
9.978478837689578329e-01
9.979220032809980045e-01
9.979892315879809184e-01
9.981024902523936149e-01
9.981610901089805754e-01
9.982109536035097541e-01
9.982931355247248728e-01
9.983330497215042731e-01
9.984054705469943558e-01
9.984681166376497830e-01
9.985213859252742852e-01
9.985688394534788515e-01
9.986098321800402910e-01
9.986628403668286191e-01
9.986969189333391173e-01
9.987430407836010993e-01
9.987772295044347048e-01
9.988137802880729943e-01
9.988564767850142134e-01
9.988867166149424381e-01
9.989247175111024557e-01
9.989485160596163205e-01
9.989843513121425822e-01
9.990032139551541235e-01
9.990350602078236220e-01
9.990466764377676778e-01
9.990748862898471971e-01
9.990838980109451040e-01
9.991054139262899314e-01
9.991258980116279886e-01
9.991289132010099383e-01
9.991545596368537341e-01
9.991655421337134468e-01
9.991729620448879245e-01
9.991977571913168710e-01
9.992058526422689102e-01
9.992103801840104271e-01
9.992286503049508939e-01
9.992498654415119530e-01
