1.000000000000000000e+00
1.069367453204502327e+00
1.143546749973083587e+00
1.222871675639002342e+00
1.307699169374002324e+00
1.398410930311120071e+00
1.495415135080141233e+00
1.599148274484117671e+00
1.710077117581455530e+00
1.828700812011377463e+00
1.955553130013612195e+00
2.091204870248749792e+00
2.236266426226757087e+00
2.391390532900841581e+00
2.557275203785531303e+00
2.734666871815158107e+00
2.924363748075699210e+00
3.127219413523283364e+00
3.344146659851071401e+00
3.576121596787283252e+00
3.824188044306036094e+00
4.089462229514651881e+00
4.373137809352090066e+00
4.676491241699161527e+00
5.000887529068992698e+00
5.347786360722666110e+00
5.718748680847771659e+00
6.115443712354789341e+00
6.539656467896329595e+00
6.993295781906648578e+00
7.478402899803302972e+00
7.997160662999823089e+00
8.551903331059351743e+00
9.145127085186040006e+00
9.779501260316909139e+00
1.045788035635531443e+01
1.118331688259307910e+01
1.195907509311747141e+01
1.278864567500842853e+01
1.367576145541853982e+01
1.462441419821322341e+01
1.563887256575104168e+01
1.672370132662694786e+01
1.788378189580781807e+01
1.912433429958479536e+01
2.045094066417850698e+01
2.186957033368896930e+01
2.338660673041370330e+01
2.500887607839777615e+01
2.674367811946323670e+01
2.859881895993138201e+01
3.058264619583846056e+01
3.270408647469812280e+01
3.497268566282775026e+01
3.739865179897973491e+01
3.999290102755693965e+01
4.276710671809829734e+01
4.573375199205792541e+01
4.890618589323332799e+01
5.229868345459289003e+01
5.592650993178645535e+01
5.980598949237079864e+01
6.395457866983176132e+01
6.839094491292499356e+01
7.313505058378402168e+01
7.820824278276359109e+01
8.363334940420331520e+01
8.943478185533514591e+01
9.563864490054000100e+01
1.022728541252202490e+02
1.093672615478423751e+02
1.169537899453669212e+02
1.250665764964913649e+02
1.337421263890590808e+02
1.430194770828226467e+02
1.529403739666977629e+02
1.635494582009117721e+02
1.748944675892852842e+02
1.870264513855113933e+02
2.000000000000000284e+02
