7.772636040701104143e-01
9.384362774561106901e-01
9.448752272148662756e-01
9.476483217015979621e-01
9.477401373627957204e-01
9.477398191618155998e-01
9.477396007206045914e-01
9.477395679562025110e-01
9.477397414459396430e-01
9.809395402530702857e-01
9.825370370302227707e-01
9.827542183279270871e-01
9.827541631837349856e-01
9.827541514605072637e-01
9.894826694792849819e-01
9.905032406852911642e-01
9.908333431580834683e-01
9.908333297814645446e-01
9.908333309730539273e-01
9.932345639029475093e-01
9.935597938999511936e-01
9.935603588896824157e-01
9.944566488630693923e-01
9.948236933422871520e-01
9.948747521984331321e-01
9.953870579899980475e-01
9.956416704563185727e-01
9.956497734673809274e-01
9.961076988369813590e-01
9.961718738640851223e-01
9.964815225102873208e-01
9.965463466694830519e-01
9.968054525645535513e-01
9.968337385961268948e-01
9.970622166936145003e-01
9.972105374247405285e-01
9.972482749345928932e-01
9.974039847181855878e-01
9.975352647326042321e-01
9.976485315848648838e-01
9.977456588503847978e-01
9.978364329845929026e-01
9.979181550493646524e-01
9.979857597058671148e-01
9.980521608715210435e-01
9.981535810766705152e-01
9.982141121396495009e-01
9.982893804281657291e-01
9.983424176062100086e-01
9.984111167823108701e-01
9.984716756079040634e-01
9.985258768220881542e-01
9.985783768430548379e-01
9.986245288921999919e-01
9.986827217000279200e-01
9.987173238794717633e-01
9.987682980569313473e-01
9.988138920165763324e-01
9.988512326530416541e-01
9.988913273719384200e-01
9.989270996139782977e-01
9.989613764927770534e-01
9.989956241650880253e-01
9.990321006331596143e-01
9.990617316002829984e-01
9.990891565877527691e-01
9.991097080119323293e-01
9.991429477318259922e-01
9.991605337529356756e-01
9.991898688863561917e-01
9.992112727229085500e-01
9.992262906969516800e-01
9.992447949751783742e-01
9.992509379267787706e-01
9.992720666958101461e-01
9.992873454008643908e-01
9.992822870698867543e-01
9.992955238476550761e-01
9.993079850964633470e-01
9.992978673930676958e-01
