5.000000000000000000e-01
5.346837266022511637e-01
5.717733749865417936e-01
6.114358378195011712e-01
6.538495846870011619e-01
6.992054651555600353e-01
7.477075675400706167e-01
7.995741372420588355e-01
8.550385587907277651e-01
9.143504060056887317e-01
9.777765650068060976e-01
1.045602435124374896e+00
1.118133213113378543e+00
1.195695266450420791e+00
1.278637601892765652e+00
1.367333435907579053e+00
1.462181874037849605e+00
1.563609706761641682e+00
1.672073329925535701e+00
1.788060798393641626e+00
1.912094022153018047e+00
2.044731114757325940e+00
2.186568904676045033e+00
2.338245620849580764e+00
2.500443764534496349e+00
2.673893180361333055e+00
2.859374340423885830e+00
3.057721856177394670e+00
3.269828233948165241e+00
3.496647890953323845e+00
3.739201449901651042e+00
3.998580331499911988e+00
4.275951665529675871e+00
4.572563542593020891e+00
4.889750630158453681e+00
5.228940178177657216e+00
5.591658441296538662e+00
5.979537546558734817e+00
6.394322837504213375e+00
6.837880727709269024e+00
7.312207099106610819e+00
7.819436282875519950e+00
8.361850663313472154e+00
8.941890947903907261e+00
9.562167149792397680e+00
1.022547033208925171e+01
1.093478516684448287e+01
1.169330336520684988e+01
1.250443803919888630e+01
1.337183905973161657e+01
1.429940947996568923e+01
1.529132309791922850e+01
1.635204323734906140e+01
1.748634283141387513e+01
1.869932589948986390e+01
1.999645051377846983e+01
2.138355335904914512e+01
2.286687599602895915e+01
2.445309294661666044e+01
2.614934172729644146e+01
2.796325496589322412e+01
2.990299474618539222e+01
3.197728933491587711e+01
3.419547245646248967e+01
3.656752529189201084e+01
3.910412139138178844e+01
4.181667470210165050e+01
4.471739092766756585e+01
4.781932245026999340e+01
5.113642706261011739e+01
5.468363077392118043e+01
5.847689497268344638e+01
6.253328824824567533e+01
6.687106319452952619e+01
7.150973854141130914e+01
7.647018698334886722e+01
8.177472910045588605e+01
8.744723379464262791e+01
9.351322569275568242e+01
1.000000000000000000e+02
