7.772635014618964888e-01
9.384361321462687533e-01
9.448750825864891123e-01
9.476481696145678812e-01
9.477399810874984620e-01
9.477396628867613693e-01
9.477394444457263312e-01
9.477394116813094849e-01
9.477395851708151353e-01
9.809393828979865448e-01
9.825368735005287624e-01
9.827540467234272548e-01
9.827539915792271596e-01
9.827539798559998818e-01
9.894825014911661221e-01
9.905030596504751372e-01
9.908331449198590768e-01
9.908331315432907793e-01
9.908331327348629536e-01
9.932343284996910660e-01
9.935595327512887209e-01
9.935600934033738119e-01
9.944562769645581835e-01
9.948233549920657559e-01
9.948743976483718221e-01
9.953866610743817844e-01
9.956412248328638803e-01
9.956493170770264189e-01
9.961071639409430079e-01
9.961713090944791515e-01
9.964808843540994276e-01
9.965466352611975775e-01
9.968046885492104492e-01
9.968329499350011558e-01
9.970605140908183062e-01
9.972095450337319367e-01
9.972472522937099182e-01
9.974030826715231113e-01
9.975340056184938131e-01
9.976471577217657094e-01
9.977432697603205725e-01
9.978348185591410235e-01
9.979164199373889987e-01
9.979827921401732693e-01
9.980510334374244064e-01
9.981513803343039504e-01
9.982117637880357774e-01
9.982868098383270716e-01
9.983384897884838294e-01
9.984072136476118686e-01
9.984684763894009496e-01
9.985212747021497970e-01
9.985735952310814678e-01
9.986222607967673026e-01
9.986767269234494426e-01
9.987126862119843906e-01
9.987643230386672455e-01
9.988112755207556592e-01
9.988443923886538567e-01
9.988921867877283978e-01
9.989274098950000624e-01
9.989641303819520868e-01
9.989950645604251944e-01
9.990264034770803825e-01
9.990607228419244867e-01
9.990907350114967000e-01
9.991203674848583294e-01
9.991490067573693956e-01
9.991728306968858941e-01
9.991966848945066371e-01
9.992195886725556697e-01
9.992406165311329413e-01
9.992610684107818830e-01
9.992784529575716723e-01
9.992978133569989652e-01
9.993142687436518123e-01
9.993285354020631228e-01
9.993438625514931006e-01
9.993570954037536147e-01
9.993679426047422654e-01
