7.828733107405266844e-01
9.485118767850274635e-01
9.538943774264742048e-01
9.559202883060212708e-01
9.559319075692145340e-01
9.559315971869450923e-01
9.559314075885733120e-01
9.559314145662991535e-01
9.559316224678807705e-01
9.905716128702380940e-01
9.911360660277023227e-01
9.911243305836300310e-01
9.911242925279782900e-01
9.911243055584018080e-01
9.981443771632210193e-01
9.982184016725285103e-01
9.982183926656283957e-01
9.982183939868283229e-01
9.996407449881528073e-01
9.996414105382089854e-01
9.996414100181804097e-01
9.999282804698139682e-01
9.999280420479017550e-01
9.999847981677200126e-01
9.999852671326918685e-01
9.999851085503931314e-01
9.999967893871619662e-01
9.999961675225463864e-01
9.999989904412069919e-01
9.999985868144414258e-01
9.999983053790615362e-01
9.999992059606571670e-01
9.999989398833952770e-01
9.999993231975256025e-01
9.999995596568603817e-01
9.999992997375737325e-01
9.999994697290858214e-01
9.999995614494890939e-01
9.999993518727205988e-01
9.999993725434589420e-01
9.999993861941151030e-01
9.999993882059500239e-01
9.999993779293264717e-01
9.999993657626907728e-01
9.999994961117687486e-01
9.999994326382466436e-01
9.999993413253621677e-01
9.999994329477157606e-01
9.999993134704883158e-01
9.999993202133834469e-01
9.999993448323474254e-01
9.999993371226543193e-01
9.999992932457744121e-01
9.999992412396705443e-01
9.999993237005125879e-01
9.999992124740829658e-01
9.999992364994403360e-01
9.999992380616471443e-01
9.999991977766202744e-01
9.999991432093570110e-01
9.999991909747901753e-01
9.999992233045597034e-01
9.999991939349268666e-01
9.999991600363125066e-01
9.999991692484844208e-01
9.999991697727660389e-01
9.999993075046067492e-01
9.999992259991099530e-01
9.999993332988588168e-01
9.999992545998407367e-01
9.999992610558159356e-01
9.999993289213968684e-01
9.999993017358993486e-01
9.999993786793676120e-01
9.999993307751809946e-01
9.999993531974875616e-01
9.999994109957167643e-01
9.999993802987119373e-01
9.999993693558029140e-01
9.999993808052746180e-01
