0.7211286387695401
0.7457130257265161
0.7660772154127132
0.7784239393473312
0.7792146624808509
0.7662936095953718
0.7397793065171192
0.7021388630404578
0.6573464551079924
0.609643698220404
0.5625594234515832
0.5184906140670421
0.47874923290550003
0.4438310684159318
0.41371430589643543
0.3880978194395809
0.36656104231962716
0.3486588556482378
0.33397187319870464
0.32212941991703464
0.3128172336632964
0.30577740947052173
0.30080496689252
0.297743454060096
0.296480849060128
0.29694637930869283
0.2991085474879246
0.30297450203820214
0.30859084841238366
0.316046023302822
0.32547442109175895
0.3370625400459234
0.35105744507931735
0.3677776738583539
0.38762596042134106
0.4111008613381971
0.4387982765256524
0.4713790327513524
0.5094464790250403
0.5532222481897171
0.6018662345968734
0.6524597162815866
0.6994556395691516
0.7363819849718257
0.7598986850011923
0.7718022893574218
0.776114149150153
0.7753797497687946
0.7699224739026065
0.759069794323282
0.7424065012430856
0.7203396520983563
0.6940686304186543
0.6652624533520327
0.6357011498291814
0.6070188881855065
0.5805793257147499
0.5574535892687571
0.5384540416701451
0.5241818583219355
0.5150560258864817
0.5112978228527335
0.5128490153678731
0.5192127846732274
0.5292404955645176
0.5409601956470053
0.5516339845899517
0.5582380246272023
0.5583395391012721
0.550958563999468
0.5368532338705893
0.5180515252715273
0.49700577373860455
0.4758878260934738
0.45626274303625397
0.4390783383628055
0.42480583455093607
0.41360649661685983
0.40546721348118603
0.4002928872194992
0.3979624047983698
0.39835914738925543
0.4013855809830512
0.4069692018155678
0.41506612669662846
0.4256705069679797
0.4388455759583624
0.4548120449982518
0.474174497940788
0.49844621798098965
0.5310516461351155
0.5782173074704333
0.6455244102173908
0.7241119329995335
0.7870710757381085
0.8197874571523134
0.8296141768059665
0.8268244781764313
0.8168259104582846
0.8018671038750496
0.7831158058561323
0.7615525215404577
0.7381927427510351
0.7140641729866626
0.6901319434671374
0.6672388557145256
0.6460740913540282
0.6271651750544791
0.6108837034715601
0.5974558643925939
0.5869703534842369
0.5793778849271393
0.5744781035375182
0.5718920238178995
0.571022625952585
0.5710152433717166
0.5707447649566172
0.5688752602326151
0.5640430021984959
0.5551754052011784
0.5418613248144808
0.5245892589204976
0.5046875231972465
0.4839711643489098
0.46428157344081866
0.44713018198736104
0.4335390666764836
0.42404493680095007
0.4187835180703673
0.41758690756187283
0.42006326323025933
0.4256594369260204
0.433725990985106
0.44360910214741534
0.4547775012147324
0.4669363451921563
0.4799713291687877
0.49349365998799055
0.5060756145549821
0.5151661903760238
0.5186100799386799
0.5163276940564502
0.5100854338338114
0.5020783362687371
0.4939816591866166
0.4867587561195305
0.48080195442391804
0.4761186345259802
0.47248769663086737
0.46959431331997176
0.4671554771226627
0.465029656979027
0.46328961103405064
0.4622407674082668
0.4623860301812991
0.46435731567117183
0.4688411745718188
0.4765181773749717
0.4880209169681796
0.503902371978068
0.5245992238182208
0.5503737388616633
0.5812228605631402
0.616756264762947
0.6560695794481476
0.6976728108617178
0.739559033027064
0.7794761169267886
0.815364035696354
0.8457822507464534
0.8701085820727034
0.8884511687263473
0.9014893822566532
0.9105766550670698
0.9182025318196543
0.9283117761455445
0.9433470652476849
0.9370594060328907
0.8373926049171875
0.7688601078391665
0.7669862673141781
0.785050059704075
0.8084266336927619
0.8297830433605816
0.8417679017749804
0.8388073901246043
0.8199813609322967
0.7894207103063993
0.7545930217761491
0.7239870387413732
0.7048085947626493
0.7010877631399907
0.7119639218469095
0.7293894340730394
0.7367164873367813
0.7143292146831752
0.6547261427023772
0.5707813427656
0.48370494332674124
0.4077951220040448
0.3475919332811582
0.30211449778920146
0.26866968390480206
0.24462507315582194
0.22793893691467756
0.2172022755866502
0.2115539129937558
0.21060139283519905
0.21439016528190888
0.22343670837456214
0.2388334985790106
0.26240323791222486
0.2967063781148597
0.34398359482251484
0.40124690313092715
0.45059104005526235
0.46931575610067294
0.4735288333509566
0.5008529309723772
0.5616741074798186
0.6350228962841142
0.6764588959887299
0.652259859351292
0.5806254355019979
0.5063104059072525
0.457597350008007
0.44463326476777654
0.47358608567925126
0.5572910336877602
0.7227303403346788
1.0064849069549593
1.3664031788727933
1.4719288867360043
1.1334482917751005
0.7410446580239319
0.4876921275183961
0.34363694231415465
0.2632230330710567
0.22024030051353927
0.1982518447983937
0.1680008343691715
0.10467234486079469
0.05930683824004675
0.040457273618162204
0.03210503619013327
0.027591482380651924
0.024824320410175953
0.02309555870531662
0.022127190630001632
0.02176853574299275
0.02186597696732677
0.022193656236334135
0.022456566266749
0.02238970939641616
0.021884330713501883
0.02101427885090222
0.019947375265546956
0.018843879948593267
0.01781065663971856
0.016902265411369594
0.0161383765175617
0.015519992879071201
0.015040053574035869
0.014689297472447573
0.014459175021198936
0.014343171285455744
0.01433736313850957
0.014440660547265753
0.014654968915634314
0.014985400332854648
0.015440612349615523
0.016033337744672468
0.016781174884588544
0.01770773130831441
0.01884425443962317
0.02023194947255683
0.021925288653096064
0.023996781677410813
0.02654394434406882
0.029699644342489635
0.03364775559798561
0.03864740188746307
0.04507173158491187
0.05347336755700959
0.06470675032887867
0.08020073060977953
0.10268803092722834
0.13770262723483867
0.18379756788910967
0.18816586795868057
0.17450303601519634
0.17891306426573447
0.18630566346957209
0.18219516640367245
0.1695158217542823
0.15660880771638144
0.14629618655184318
0.1386388487739488
0.13336848125559106
0.1302646371522316
0.12903070771953684
0.1293536256455146
0.13120890156197018
0.13506590803356266
0.14176060146251487
0.1521061878285697
0.16607375041261901
0.18096551728416896
0.1895662419969342
0.18449925587836338
0.16865023398051357
0.15236718179321734
0.14182109946139257
0.13741699738017227
0.13687212384619335
0.1361881208106485
0.12935746602266485
0.11288663197708342
0.10259805139209914
0.1252060361223248
0.1522410725374444
0.15818657291315258
0.1564941457580499
0.15258799015347851
0.14983798966400816
0.15660646659159172
0.18462783919936926
0.2395207080992642
0.30553906826924515
0.3315701714349362
0.2727822039410985
0.20537870789725676
0.16332891953709408
0.1384607930662925
0.12350604875417302
0.11478631782560557
0.11028804191199078
0.10832177870079177
0.10791808910270681
0.11018867120568374
0.11542589673461887
0.12255703941842852
0.13020666326811778
0.13740789194746902
0.14615465283656923
0.15978973152602013
0.15997169804418288
0.1297109251870761
0.09703688890823031
0.07359113793594808
0.06181279373248922
0.0577967230981387
0.0586664301725457
0.06583237002424351
0.08092177408625537
0.10426961351430156
0.12922850181048956
0.1393079353120327
0.13733356039230069
0.15541354768664978
0.21001542864675812
0.21706594804007254
0.15637175859634414
0.10874932098664382
0.07533585661778557
0.053946181201652475
0.043193696150219514
0.038762824118451604
0.038258023732716015
0.03932916161626188
0.034427215740477544
0.02189905675686714
0.015279429557603263
0.015026044120251082
0.019022943718701803
0.02950644671784387
0.05225305807713185
0.07669377600002109
0.06522736833887041
0.040720673414867535
0.03316633812710414
0.046561001280450695
0.09979331208770718
0.06815030813749419
0.09469305352765775
0.019974841904617187
0.004784855207709843
0.002109859521027848
0.001189681467435033
0.0007539774964819913
0.0005098585372238936
0.00035923724114549045
0.00026065650081103533
0.00019352808823296206
0.00014644097915461314
0.00011260765874100538
8.779792547726092e-05
6.928339274526233e-05
5.525437762369657e-05
4.448115696895742e-05
3.61100231669441e-05
2.9536896704707256e-05
2.4326991967150698e-05
2.0162569511392545e-05
1.6808234564691607e-05
1.4087442680469566e-05
1.1866311896176744e-05
1.0042289376902386e-05
8.536100131483255e-06
7.285950568749339e-06
6.2433041779712175e-06
5.3697682971783745e-06
4.634776012179218e-06
4.0138436825409325e-06
3.4872496562942194e-06
3.03902423465236e-06
2.6561717636022432e-06
2.328067326880751e-06
2.045985816747025e-06
1.8027321145330498e-06
1.592349032805145e-06
1.4098854481595935e-06
1.2512113055574868e-06
1.1128693278784593e-06
9.919556220622852e-07
8.860231474194883e-07
7.930033565332006e-07
7.111423453236794e-07
6.389486355236896e-07
5.751503206423863e-07
5.186597773091472e-07
4.685445114235505e-07
4.240029962192702e-07
3.8434458574117746e-07
3.489727662213878e-07
3.173711497180015e-07
2.890917275102326e-07
2.637449910880067e-07
2.4099160108322514e-07
2.2053534284333526e-07
2.0211715442286885e-07
1.8551005092249034e-07
1.705148000374496e-07
1.5695622887277767e-07
1.4468006264932607e-07
1.335502127216204e-07
1.234464451130756e-07
1.1426237211046021e-07
1.0590371878226867e-07
9.828682398695503e-08
9.133734182923075e-08
8.498911480658638e-08
7.918319430457853e-08
7.386698778306122e-08
6.89935150734517e-08
6.452075880606634e-08
6.041109616559297e-08
5.6630801019503336e-08
5.314960703121456e-08
4.994032369897892e-08
4.697849839081263e-08
4.4242118418440395e-08
4.171134801423259e-08
3.936829578492423e-08
3.7196808819892586e-08
3.5182290151926e-08
3.331153671135482e-08
3.157259529665404e-08
2.995463441159759e-08
2.844783009776216e-08
2.7043264135364098e-08
2.573283318692219e-08
2.450916764130593e-08
2.336555906579364e-08
2.2295895306319277e-08
2.1294602391910867e-08
2.0356592497318283e-08
1.9477217304433732e-08
1.8652226179125703e-08
1.7877728645883307e-08
1.715016069959622e-08
1.6466254547110186e-08
1.5823011414808898e-08
1.5217677093804138e-08
1.4647719949020429e-08
1.4110811110619903e-08
1.3604806646970933e-08
1.3127731486948148e-08
1.2677764944455142e-08
1.2253227639322444e-08
1.1852569711126379e-08
1.1474360173098678e-08
1.1117277300090075e-08
1.0780099953886873e-08
1.0461699710318896e-08
1.0161033842996435e-08
9.87713886740151e-09
9.609124806607784e-09
9.356169988862442e-09
9.117516371806208e-09
8.892465344132935e-09
8.680373969309693e-09
8.480651630295728e-09
8.292757061641235e-09
8.116195730765998e-09
7.950517557058698e-09
7.795314950462743e-09
7.650221157572949e-09
7.514908906675877e-09
7.389089346840291e-09
7.272511280062948e-09
7.164960688618784e-09
7.066260564456879e-09
6.976271051310876e-09
6.894889914987935e-09
6.822053362184504e-09
6.757737234199597e-09
6.7019586079122525e-09
6.654777843880874e-09
6.616301129636031e-09
6.586683576272561e-09
6.5661329365875725e-09
6.554914027636755e-09
6.553353954966896e-09
6.561848252757735e-09
6.58086807957561e-09
6.610968629078385e-09
6.652798949659961e-09
6.707113405151434e-09
6.774785038739848e-09
6.856821176640749e-09
6.954381652518629e-09
7.0688001120083855e-09
7.201608957190918e-09
7.35456859319111e-09
7.52970177909521e-09
7.729334048902124e-09
7.956141372236883e-09
8.213206472759267e-09
8.504085530138572e-09
8.832887368969733e-09
9.204367711855358e-09
9.624041655274775e-09
1.0098318261976604e-08
1.0634662077610314e-08
1.1241787531967835e-08
1.1929893641210478e-08
1.2710948270383171e-08
1.3599033562954002e-08
1.4610767144401566e-08
1.5765817555539127e-08
1.7087537338455465e-08
1.860374362948183e-08
2.034768449324756e-08
2.235924018839715e-08
2.468642298952319e-08
2.738725826664234e-08
3.053215493373459e-08
3.420690738653553e-08
3.851651689784717e-08
4.359008262809056e-08
4.9587097396412115e-08
5.670560034941985e-08
6.519280084549706e-08
7.53590153105829e-08
8.759607834789659e-08
1.0240184671232194e-07
1.2041307011229875e-07
1.4244985700534567e-07
1.6957636504900277e-07
2.0318443033580142e-07
2.4510998937469865e-07
2.9779694221127305e-07
3.645305351658319e-07
4.49774041075588e-07
5.596612590280645e-07
7.02727957326584e-07
8.910163861873353e-07
1.1417739433492434e-06
1.480119093482395e-06
1.9433209221448655e-06
2.5878455473678556e-06
3.5012963146662005e-06
4.823321708943208e-06
6.783641326034684e-06
9.774343299928354e-06
1.4494781767386317e-05
2.226110393699582e-05
3.572175652952211e-05
6.068634432418049e-05
0.0001114650475220344
0.0002296356715873621
0.0005714092851480585
0.002072017038351451
0.021424150198522278
0.013308171441041978
0.003197210006124132
0.001686983799949519
0.0012245201233621126
0.0010671890121792464
0.0010600227494898145
0.0011765430644273811
0.0014572346400343991
0.002044993328471387
0.0033808155056862525
0.007188179906141311
0.02444224760518819
0.1409405027179825
0.04133003835727292
0.016023562352616386
0.011248228094651407
0.011606253477552423
0.016614908921613516
0.03229015374961588
0.06179471609665751
0.04492166653010889
0.02217745596090476
0.013332300725658233
0.009843600344770094
0.008566263925705553
0.008615813663466101
0.010087242589652712
0.014492592545065061
0.031019478951397554
0.16431687528167763
0.0656741218243589
0.08421296072538047
0.11444152333119632
0.054322361803763715
0.02822168410921628
0.019891622943294045
0.018426677555254546
0.02233199066892276
0.03467037169386888
0.048795461605283044
0.03343534846804065
0.019225073091831538
0.015095183401690615
0.019926404060497643
0.12670760440893342
0.05484038969314798
0.024443283726378953
0.026570249817122818
0.05218153427509728
0.05045938725079455
0.04147403816537667
0.0899067991103433
0.291611973456633
0.6224568516884218
0.42471389334218457
0.2773572671186557
0.2877617602423548
0.24528393425211611
0.11442240908857103
0.13724361786730974
0.4920095155799567
0.22093043619897423
0.21715894881395334
0.22529955917395078
0.22862736862944763
0.25671235537916015
0.6519009721681376
0.4128777688511089
0.24772492398178264
0.2470333482230869
0.22571612193654175
0.2770267801557856
0.22004659766132162
0.2456066726268641
0.26009725799583755
0.28733068336030665
0.2752139435785893
0.20198712070976968
0.14127648690209388
0.12857618011550737
0.11202338329700862
0.07987415226955931
0.07715170457184445
0.08243156010800765
0.09267390992300968
0.10747161767865163
0.12654912825085626
0.14883597564870873
0.17204019228756562
0.1931717715733533
0.21001603395030252
0.2224703742296264
0.23332451001951027
0.25258320908746557
0.34846054017064626
0.2192008402838404
0.1819734276673839
0.17911138965712492
0.17808017176468896
0.17849615840556377
0.18090530258525492
0.1856173375288761
0.19257323178884456
0.2011951973898147
0.21019685147903644
0.21755788437313778
0.22100824900988436
0.21910194116468612
0.2121720220725971
0.20218449572098177
0.19159040513869688
0.18223964570879123
0.174968412083193
0.16967840132777032
0.16558706210174057
0.1615571023273084
0.15653202487384454
0.1499872012487056
0.1421453245451913
0.13380503629197169
0.12594689276941334
0.11941667179292355
0.11482768304035657
0.11263614810411215
0.11329901031445962
0.11747072520449311
0.126231435983844
0.14120672421524538
0.1634874412484816
0.18721090727546202
0.1904356883923522
0.16470329676032364
0.1362683058524716
0.11865674906845174
0.11019745061133873
0.10815849831721608
0.11134125911868209
0.11842051144823708
0.12455587055565055
0.12050661814462992
0.10356605340194217
0.08323070847270121
0.06729757090546395
0.05690428695103866
0.050780201077024203
0.04769240912946108
0.04689794347703844
0.0480807954355241
0.051276800784938244
0.05689223180674192
0.06587456559396561
0.08024181546391254
0.10513826143473819
0.16256911111385786
0.5845885631616938
0.21591109459231825
0.031675880583922136
0.028125049923573377
0.028967301671739696
0.033163084857713625
0.046660787887657394
0.09188936842766653
0.3080396116258057
3.8847837885328556
2.8247767830874073
0.6260146481368717
0.3468174924071459
0.263067414376576
0.23264848207156583
0.22446935400381499
0.22928467194452307
0.24639919755179174
0.2833109252489414
0.3645370974534512
0.5734282056369631
1.2066641267295273
1.1300794482176586
0.45024325506495033
0.5625826240625977
1.5142317889427452
3.9377742066614108
2.0932845945708234
0.9581157408648986
0.5931845476977707
0.4553255832773756
0.4090527826773561
0.41870548047332606
0.48333638605632956
0.6267121629276544
0.8980441867304245
1.3091605714004098
1.5514790208116602
1.272087484218464
0.867289463857512
0.5997132871253618
0.44742246557132953
0.3636443521737695
0.3250876933110978
0.3301289743083227
0.41136887237424
0.7351474003849922
2.2015538754798767
2.559364963421959
1.0354324004647268
0.6446080634251856
0.5467730540821356
0.5565058163608421
0.6318899376505507
0.7511361764418344
0.8728354542723488
0.9652693978661301
1.0725855611795982
1.2130898482889019
1.2069166834699814
0.9582438660273581
0.6839642841409781
0.49768650959293276
0.38592574422580855
0.32087191512167335
0.2854879696974552
0.2725338478793621
0.2848998775391802
0.352789292564519
0.6959312985841907
2.2303128665355327
0.6795941912109772
0.44122840974041927
0.4334241104855115
0.501152044133244
0.6270776319762673
0.7939009495999569
0.9297634535162274
0.952514515920779
0.9160162414073
0.9046425825521941
0.7990123688622448
0.557207486574474
0.3700872286068978
0.26437343373937405
0.20508832929976706
0.17028548367648855
0.14939540810448437
0.13733633991594357
0.13166702727717938
0.13139376814550077
0.1365351293484267
0.14811350248355853
0.16853619784179885
0.20253629852403787
0.2589848917156247
0.3531588170752822
0.5020475889819167
0.6774675386548381
0.7262410388204867
0.5786742805939561
0.39317654349178094
0.26102974291440084
0.18043622996187114
0.1327569690886813
0.10549340602274959
0.0931119747335917
0.09718020536407496
0.13535795430631115
0.2931889445912527
0.7101722192363941
0.4631026688659104
0.23646279970064862
0.15850634462123536
0.12930499937690862
0.12166622482277942
0.12960715536085893
0.15620798590472382
0.21340808551201385
0.31966700776496193
0.4302159062651395
0.35636336380569267
0.20431939332897264
0.11839390109345864
0.07897537502772746
0.0614723210245105
0.055085333541368166
0.05537142667801504
0.059646141600096216
0.06397600513804896
0.06352887916864003
0.058042379231078196
0.051707268976304975
0.04739246479424027
0.045691495148989375
0.046464847692493386
0.04971711154266441
0.0559778941111408
0.06687030240197565
0.0871611000111564
0.13486966716700186
0.2777209623233719
0.30478986600178953
0.2784086966459914
0.3812989512798465
0.6648699195539506
1.3812785054132681
2.747745566208052
3.3142692581576374
2.961677082084668
2.227330740475079
1.8605326188105769
2.416526870388398
2.1660308857384587
1.701730159831428
1.6064238036518403
1.7439934330341236
2.0434373536434576
2.449844586835102
3.1702653778112566
3.2456847015524217
2.2983137413483776
1.9568556871065403
1.7193856304748305
1.4327153323891377
1.1707691487808103
0.9774957398465767
0.8329957564438477
0.7521130539447376
0.7344486281392959
0.7576118924928309
0.7899463302393026
0.7670707382716179
0.6789624806774076
0.5785546656667778
0.49919872373413837
0.44877229922024786
0.4279798793762195
0.4397979534314015
0.4947990166947748
0.6177608500055192
0.856097062158141
1.2530753418945346
1.35119381818224
1.066085924964657
0.7915478558361895
0.6124889814297625
0.5098878140835746
0.4544320943816973
0.4273110027058932
0.4185843211261482
0.42766936855270904
0.488789574155031
0.8246784473144033
1.4289482456567806
1.192440411739918
0.8661571068066496
0.636052773275506
0.47945553281692954
0.3789625633552428
0.3216897522613686
0.3012290197837353
0.3240342048770041
0.429056557985455
0.7571510253549215
1.3334113789380506
0.8304441069983147
0.3900964880421599
0.23433818858277997
0.1709733818812263
0.14129481899899218
0.12693932089442678
0.12122999040541012
0.12157984838177305
0.12711619200403448
0.13771439256691922
0.15323785968385836
0.17235921797413756
0.19104934442527507
0.20343269040536133
0.21172200339183325
0.28392745271742564
0.5799984727603181
0.18097098350271335
0.13059565546218516
0.11290076879496977
0.10565287870720945
0.10498692846828198
0.11031165850042855
0.12235233391042971
0.14218924349346557
0.16855727271168677
0.19246302087267375
0.19988063688429644
0.1913589249248828
0.18185901779406446
0.18185574100839758
0.19513098602429904
0.22410332516010875
0.27248889512948876
0.34514385869434966
0.444238996370577
0.5593984839200803
0.6582541518728733
0.7029206817538324
0.6886889103471047
0.643666983283173
0.5932675682745072
0.5447798577166861
0.5028439489351632
0.4939086320688943
0.5579688821943453
