0.6310537676417842
0.6145122815368297
0.5946990827058126
0.5725863963815789
0.5492008533662487
0.525493519122953
0.5022579143649918
0.48009731593360233
0.45942946565230824
0.44051302514262886
0.42348245755046154
0.40838258489271656
0.39519833458448916
0.38387817789310597
0.3743514592542045
0.3665405696137073
0.36036910799083277
0.3557670863580534
0.3526740365709344
0.35104066542174533
0.35082951396231526
0.35201492188096223
0.3545824751777231
0.3585280193514188
0.3638562435521651
0.3705787777332486
0.37871169113277114
0.3882722358846292
0.3992746477363041
0.4117248053352193
0.42561357432765806
0.4409087407577302
0.45754558579799554
0.47541636928136
0.49435922709618135
0.514147122010789
0.534477297550013
0.5549609279100723
0.5751113720458813
0.5943286098998914
0.6118798469667163
0.6268863115288359
0.6383456552570921
0.6452364871872426
0.6467341757419696
0.642488469222817
0.6328175695181205
0.6186769550891728
0.6014054714023434
0.5823993412813636
0.5628717865571856
0.5437536046453096
0.5257002445502261
0.5091467170731938
0.49436867755752917
0.48153114581651085
0.4707208330163342
0.4619639842819303
0.45523300237865444
0.45044498443027353
0.44745524761335215
0.446049486045764
0.445939288772217
0.44676670064756807
0.44812317418529324
0.4495854205839066
0.4507650103562271
0.4513617656203602
0.451206610677458
0.4502810219241645
0.4487078310251117
0.4467181068965567
0.44460588792571737
0.4426837076077011
0.44124808022565903
0.44055856225314927
0.4408295107157327
0.44223137974353016
0.44489804957873424
0.44893739524480464
0.4544432354824494
0.46150732374042724
0.4702295820373862
0.48072258759889647
0.49310148523542663
0.5074430950298491
0.5236932361922444
0.5415166982647135
0.5601455238679499
0.5783706008167813
0.5948065110317459
0.6083253423513878
0.6183349124127578
0.6247264711428042
0.6276452584235115
0.6273100626714969
0.6239540337275243
0.6178387958746662
0.6092802785937814
0.598655702902625
0.5863881195724676
0.5729172407987153
0.5586675120594954
0.5440218373796912
0.5293054374282293
0.5147807125586024
0.5006514332516802
0.4870731867971757
0.4741665346037886
0.46202948130967564
0.45074644204331715
0.4403918741690394
0.431028108480266
0.42269855541846957
0.41541905273740926
0.4091711652404748
0.40390123405713313
0.39952762007623055
0.39595606888039075
0.3931001784296819
0.3909017095184642
0.38934498975721216
0.3884612637022566
0.3883218508170291
0.3890220173647806
0.3906593038636188
0.3933102449276301
0.3970084360231657
0.40172565648800634
0.407357085572205
0.4137119966895138
0.420512612764202
0.42740528342209827
0.4339881609801348
0.4398560907270682
0.4446560464390062
0.44813861674471295
0.4501892203509746
0.4508302035487585
0.4501971131362731
0.448500809758874
0.445987846040127
0.4429073160699748
0.4394875536591833
0.43592285358114913
0.4323688914376362
0.42894506171575497
0.42574194510156405
0.42283216800512496
0.4202828465473806
0.4181676577293319
0.4165765743785473
0.4156216683156207
0.4154381725068856
0.416180987551774
0.41801766706286003
0.4211193287133453
0.425650834711913
0.43176111158085007
0.4395738945821371
0.4491787318533998
0.4606219147999214
0.4738971429942044
0.48893609933100884
0.505599504177237
0.523669306100356
0.5428420208930862
0.5627215236322313
0.5828072329854863
0.6024731326551628
0.6209412527931594
0.6372808617963046
0.6505104825327298
0.6598836129251237
0.6652756015191641
0.6673186296729043
0.6670269911206669
0.6652253443236481
0.6622961487853155
0.6583132338184973
0.6532902188635622
0.6473441433126046
0.6407397161091657
0.6338527127075003
0.6270976490810933
0.6208529526272489
0.6154038850643672
0.6109127714291027
0.6074183306956736
0.6048607277563975
0.6031251193920104
0.6020929530588348
0.6016874715414954
0.6018994857516791
0.6027831945051175
0.6044196391063856
0.606855105968809
0.610030501061043
0.6137235445577884
0.6175277935416423
0.6208893107354566
0.6232094276713243
0.6239978105419807
0.6230299762669822
0.6204458019792466
0.6167396151277548
0.612637250949415
0.6089043705117553
0.606153558143033
0.6047083095462781
0.6045544052350241
0.6053781939831476
0.6066641067783105
0.607810980709806
0.6082416040498383
0.6075096451450134
0.6054126385361934
0.6020874578874037
0.5980382862212261
0.5940624898551473
0.5910800500396113
0.5899013592901087
0.5909750508376801
0.5941547185386795
0.5985283787250869
0.6023763507811047
0.6033470475512812
0.5989162628872648
0.5870707676027818
0.5669650517364382
0.5392103000204322
0.5056220980258083
0.46858124973615684
0.43036087040348553
0.39270183646241574
0.3567097480024152
0.32298434159846195
0.2918336241423451
0.26344198772611055
0.23792994004295104
0.21533146474720796
0.19556127595918094
0.17841944367357485
0.16363059113336106
0.15089153695913693
0.1399079663261822
0.13041499183211647
0.12218483543133679
0.11502676949466172
0.1087833730030087
0.1033255531102185
0.09854756467909427
0.09436253566734962
0.09069863843449781
0.0874958913955636
0.08470353312665359
0.08227792299320723
0.08018095243684292
0.07837897332823607
0.07684224463304506
0.0755448569105209
0.07446502474465667
0.07358556909841991
0.07289438229819312
0.0723847016544083
0.07205510581433341
0.07190925419265641
0.07195547123395651
0.0722063087300048
0.07267820225471099
0.07339129030651446
0.07436940611148815
0.07564019053707553
0.07723520405300731
0.07918981797058203
0.08154251831327114
0.08433305570504346
0.08759869122948975
0.09136786953361868
0.09565151112978705
0.1004342810978033
0.1056710462392705
0.11129398357911496
0.11722927605981819
0.12341188743729166
0.1297854230723958
0.13628808025441597
0.14284086718890554
0.1493530381138582
0.1557441809243234
0.16196813850682465
0.16802119592729362
0.17392411067807376
0.17967735381690345
0.18519800666789954
0.1902587715130675
0.19446696276227424
0.19732953020943425
0.19841586181245088
0.197547294939751
0.19488709869514226
0.19086615821123937
0.1860083180937697
0.18077408292920705
0.17548917973429662
0.17035126029534306
0.16547625312191816
0.1609495597553891
0.15686104747089194
0.15331501115873228
0.15041681437965027
0.14824732994403392
0.14684158355671462
0.14618533236740391
0.1462326970867532
0.1469349995060185
0.1482637731186592
0.15021395139775848
0.15278338588697185
0.1559352599218346
0.15955695189840757
0.16343243074850874
0.16724423973696562
0.1706126424788068
0.17316408461024144
0.1746062230782164
0.174782350329014
0.1736878247306704
0.17144883292238694
0.16827811139409926
0.1644256445909903
0.16013635385400676
0.1556190733155333
0.15102761656067765
0.14645491988672366
0.14194100685560004
0.13749306758608812
0.13311289045986474
0.12882463090621446
0.12469415593587754
0.12083103349152838
0.11736932179652337
0.11443404296807695
0.11210884338523693
0.11041848822606792
0.10932953572375147
0.10876329883819902
0.10861259160767787
0.10875610814480148
0.1090677772889804
0.10942102470821144
0.10968925983003323
0.10974447120986183
0.10945620835318597
0.1086940225614458
0.10733719632754445
0.105294216440395
0.10252889442184934
0.09908232890792466
0.09507716457168253
0.09069816416389029
0.0861564096544532
0.0816524628564373
0.07735112306199948
0.07337157572856011
0.06978924544866139
0.06664300439983015
0.06394263239086853
0.061674223390469844
0.05980367577695142
0.058279491629998806
0.057035856856499416
0.055996187070387456
0.055076866032749375
0.054191068881061705
0.05325315497800283
0.0521847240037477
0.05092332982234901
0.04943313026724261
0.04771365346159088
0.0458011033833977
0.04375936568027762
0.04166395091800674
0.039586025698137836
0.03758216975423034
0.03569104894925757
0.03393492490600423
0.032323227987833825
0.03085628886008497
0.029528428881293325
0.028330301942075878
0.02725062074005893
0.02627740320547468
0.025398830019685223
0.02460378399902785
0.023882141662318064
0.02322488705810588
0.02262411001348303
0.022072937479222524
0.021565432177656444
0.021096480428009625
0.020661681894466394
0.02025724787241684
0.019879910917581435
0.019526846416976003
0.01919560552859153
0.018884058371944182
0.018590346167458506
0.01831284103183326
0.01805011224062821
0.017800897910652466
0.017564081203119745
0.017338670288657387
0.017123781439986906
0.016918624725982153
0.016722491871750313
0.01653474592549127
0.01635481243565042
0.016182171893906985
0.01601635324166709
0.015856928272914496
0.01570350679455902
0.01555573242899627
0.015413278962595546
0.015275847159932543
0.015143161976235253
0.015014970111601956
0.014891037859147003
0.01477114920688292
0.014655104159034258
0.014542717247822754
0.014433816210906619
0.0143282408133337
0.014225841795801443
0.014126479933751965
0.014030025193722975
0.01393635597544496
0.013845358429631431
0.01375692584267556
0.013670958080728086
0.013587361086525638
0.013506046423160351
0.013426930859751898
0.01334993599452703
0.013274987911475642
0.013202016867044995
0.013130957003888647
0.013061746088949428
0.012994325273482703
0.01292863887290522
0.01286463416459545
0.012802261201946486
0.012741472643158945
0.012682223593457621
0.012624471459520555
0.01256817581503572
0.012513298276397288
0.012459802387744882
0.012407653514450757
0.012356818744448552
0.01230726679669973
0.01225896793625514
0.012211893895362095
0.012166017800172537
0.012121314102598335
0.01207775851693883
0.012035327960910166
0.011994000500769202
0.011953755300245726
0.011914572572970067
0.011876433538216947
0.011839320379703125
0.011803216207235519
0.011768105021027358
0.01173397167855747
0.011700801863724374
0.011668582058264203
0.011637299515214703
0.01160694223436459
0.011577498939550726
0.011548959057728153
0.011521312699706044
0.011494550642483845
0.011468664313106882
0.011443645773995053
0.011419487709651276
0.01139618341472683
0.01137372678341845
0.011352112300080057
0.011331335031115856
0.011311390618034609
0.011292275271716598
0.011273985767810215
0.011256519443301609
0.01123987419419019
0.011224048474325033
0.011209041295349843
0.011194852227794023
0.011181481403311667
0.011168929518060578
0.011157197837292708
0.011146288201115235
0.011136203031501327
0.01112694534056107
0.011118518740132336
0.011110927452700384
0.011104176323759247
0.011098270835622755
0.011093217122770794
0.01108902198881814
0.01108569292517937
0.011083238131518486
0.011081666538100105
0.011080987830152928
0.011081212474363738
0.011082351747648449
0.011084417768374004
0.011087423530153531
0.01109138293845833
0.011096310850214454
0.011102223116639841
0.011109136629537178
0.011117069371374662
0.011126040469426493
0.011136070254286682
0.011147180323231509
0.011159393608736632
0.011172734452674417
0.011187228686700452
0.01120290371939589
0.011219788630789788
0.011237914275011444
0.011257313391814135
0.011278020727913526
0.011300073169085005
0.01132350988419345
0.01134837248235531
0.011374705184689804
0.011402555012211674
0.01143197199174986
0.01146300938183331
0.011495723920936047
0.011530176100713411
0.011566430467212802
0.01160455595353722
0.01164462624786713
0.011686720201401036
0.01173092228144896
0.0117773230756242
0.011826019854235599
0.011877117198870194
0.011930727706680164
0.01198697278136482
0.012045983523848844
0.012107901737752521
0.012172881067752961
0.012241088291968955
0.012312704793777675
0.012387928243083763
0.012466974523319314
0.012550079947500717
0.01263750381586646
0.012729531378642116
0.012826477281342905
0.012928689587266727
0.013036554493076915
0.013150501880837927
0.01327101188297339
0.013398622679897448
0.013533939803456557
0.013677647286718247
0.013830521085792438
0.013993445304808892
0.014167431885704494
0.014353644581729294
0.014553428217844415
0.014768344442829559
0.015000215371666679
0.015251176645589715
0.015523741372023942
0.0158208759058218
0.01614608702059065
0.016503516830237826
0.01689803533755265
0.01733530819654641
0.017821795475629933
0.018364601662610728
0.018971046729831
0.01964777563740126
0.020399219656944675
0.02122538804908223
0.02211948827704821
0.02306681465070135
0.02404717604412077
0.0250423969622578
0.02604702474007254
0.027076458421584522
0.028167160399349543
0.029369238804284832
0.030736507421330658
0.032318485810169086
0.034154973214477045
0.03627112658586123
0.0386708090397101
0.04132772646395315
0.04417689334905067
0.04711238312962187
0.04999855316028955
0.05269720281535673
0.05510222469585896
0.057164251971116756
0.0588912198454644
0.06032670817224349
0.061523064404193584
0.0625271463693889
0.06338361243900423
0.06414703296729565
0.06489041245957237
0.06570359004690794
0.06668299100147873
0.06791762805811041
0.0694744074518501
0.07138336542539522
0.0736241310191479
0.07611771390335782
0.07872965584224315
0.08128929353589004
0.08362416873983212
0.08560033698312493
0.08715423063298958
0.08830456959036893
0.08914184191448248
0.08980213254369981
0.09043704016168652
0.09119067330615183
0.09218927646757695
0.09354186161352017
0.09534512629733533
0.09768574929296707
0.10063782340446223
0.1042595901309188
0.10859781047586657
0.11370750176153731
0.1196887599036307
0.12673270407370563
0.1351599699929386
0.1454319039452704
0.15811372822984457
0.17376120547042045
0.19268686371285237
0.2145700593966227
0.23798924831944415
0.2602398803434755
0.2780150829004692
0.28899456478562663
0.29317311713617744
0.2926565737747983
0.2902729139390761
0.288331653676101
0.28816324283825334
0.29020596139839355
0.29425778071457215
0.2997094741065883
0.3057351666187662
0.3114654045861253
0.3161518322102367
0.31930056398978546
0.32073766762814443
0.32058815868508816
0.3191855270233818
0.31695421139740815
0.31430709596827855
0.3115809599220475
0.3090115399751672
0.30673722363826095
0.30481743512489007
0.3032546313951871
0.30201353262156017
0.30103543769066704
0.3002482665143554
0.29957415633716106
0.2989362892402749
0.298265680576295
0.2975075532086331
0.2966262098275149
0.29560728529834085
0.2944568642838283
0.2931978546343986
0.2918647772051922
0.2904984387434812
0.2891417110608904
0.28783700313233945
0.2866252695449006
0.2855458265257334
0.28463601528337557
0.28392988903052024
0.28345551212857223
0.2832309916888086
0.28325986037222267
0.28352678851579627
0.28399477377503307
0.28460491547758876
0.28527960264816365
0.2859293958485871
0.28646307148130656
0.2867993517441801
0.28687805725080284
0.28666817802165684
0.2861709367995301
0.2854172564098169
0.2844606863954517
0.2833681457921796
0.2822112985011748
0.2810608834345497
0.27998514575404754
0.2790521268174414
0.27833442489208865
0.27791444800337456
0.27788825426161085
0.27836670853155954
0.2794735962354545
0.28134117733725494
0.28410417130789767
0.28789326897768847
0.29282911316562416
0.29901755439417854
0.30654716577023716
0.3154906806867725
0.3259131236165016
0.33789038092009194
0.3515416120204357
0.36707573201109994
0.38484562477569506
0.40539558320749475
0.42948129155927295
0.458038521876236
0.49207128603648165
0.5324161652803465
0.5793299061221118
0.631904041278322
0.6875410097855136
0.7421131100597936
0.7914419473539991
0.8335892848866079
0.8699243916807716
0.9035778711587247
0.9365209078978352
0.9676674851298396
0.9932450210033733
1.0090380602943
1.0128928350980309
1.0057124144234157
0.9905574414963074
0.9710030432787891
0.9499502531485308
0.9291776682490744
0.9093425329207576
0.8901508537591232
0.8706120498930475
0.849406684906405
0.8253816682795113
0.7980811865804647
0.7681084550051787
0.7371207060114585
0.7074383739300508
0.6814661937350781
0.6611864092946137
0.6478661495813105
0.6419644201199799
0.6431534135296252
0.650392433127952
0.6620507546650027
0.6761075522388978
0.690430460330978
0.7030634280077189
0.7124090539964398
0.7172504593843608
0.7167073630685595
0.7103069112710255
0.6982258728133596
0.6815114098637527
0.6620057028442946
0.6419212319829478
0.6232944698499818
0.6075892107041648
0.5955514547536697
0.5872541324928956
0.582225140221667
0.5795900224183071
0.5782101441581504
0.5768216514382655
0.5741795517776295
0.5692028897082198
0.5611166504166004
0.5495860002279893
0.5348152762626663
0.517548293509483
0.4989194179807698
0.48018962540265536
0.4624781595625954
0.4465876070454762
0.43294578001378276
0.4216300161649689
0.4124293615659757
0.4049178947291578
0.39853129975969226
0.39264643270304544
0.3866610666818049
0.380065801111878
0.3724992551042734
0.36378158188911386
0.35392486435591536
0.3431192796299213
0.3316947620435987
0.32006324980887835
0.3086538268819485
0.2978556875270073
0.28797931774473845
0.279238148115034
0.27174639811037987
0.26552646996728707
0.2605205005925662
0.25660361461149406
0.25359919024402655
0.25129770465141876
0.24947972249872793
0.2479406666436933
0.2465121372611901
0.24507465247615653
0.24356102586319234
0.24195533289615329
0.24029411365716286
0.23867153902351199
0.23724268652546757
0.23621599607911975
0.23583031651419278
0.23631937640144401
0.2378705121771856
0.24058313247497476
0.24442927257164238
0.24921863998859056
0.25457604106515624
0.2599476213502602
0.2646561657229573
0.26801412982162326
0.2694727013239817
0.2687525926220355
0.26589846910624326
0.2612366997869437
0.2552674767129014
0.24854585560952874
0.24159186846205905
0.23484104004307463
0.22862735985116417
0.22318597370422605
0.21866556309666432
0.21514407727365892
0.21264410081116703
0.21114596291198479
0.2105981525634918
0.21092567617753297
0.21203745932074058
0.2138336763310718
0.2162132713729639
0.21908145123343448
0.22235693170084692
0.22597896075856846
0.22991399948111071
0.234161157497254
0.2387546362426895
0.24376154595415755
0.2492749669495889
0.2554042373432865
0.26226570633475427
0.2699767722345821
0.27865441861095513
0.2884178401393099
0.29939390485398715
0.31172416337671305
0.3255724898772445
0.3411328447657185
0.35863691846298656
0.37836155756341644
0.400635959247996
0.4258486866315864
0.4544545727434795
0.4869814311669176
0.5240359934816454
0.5663073896300512
0.6145644343127225
0.6696395902824285
0.7323875126028498
0.8035999774424173
0.8838539179909284
0.973270716898187
1.0711830739966746
1.1757533419798523
1.2836660584276056
1.3900916176377516
1.489099805751762
1.5745150530515437
1.6409315507667737
1.6845088082075135
1.7033873720920982
1.6978393131115184
1.6702518451386217
1.6248349465908039
1.5669348216631365
1.502090815947549
1.4351736160368338
1.369874589345626
1.3085970302605474
1.2526348125218147
1.202481494014474
1.158145904489365
1.1193990762243597
1.0859177869983065
1.0573232913505832
1.0331436518531405
1.0127499484905214
0.995322311033688
0.9798870267910548
0.9654338744471607
0.9510836241481964
0.9362464922340495
0.9207107573144059
0.9046305535411683
0.8884254200420426
0.8726346261895275
0.8577726675117664
0.844215994975009
0.8321321544621686
0.821452225925102
0.8118849639315728
0.8029681958239199
0.7941436807439627
0.784829677450717
0.7744644078233511
0.762513613956744
0.7484678055241858
0.7318729619460098
0.7124199242721962
0.6900684996651729
0.6651394373965623
0.6383105716960601
0.6105052437950163
0.5827202391496294
0.5558623512684422
0.5306411266037938
0.5075277364795664
0.486763534486397
0.4683946546600648
0.45231464403025295
0.4383066870733696
0.4260847373014429
0.41533620170850616
0.4057669596879672
0.3971437907369767
0.3893240505658331
0.3822631079754409
0.3759980505063889
0.37061613743374094
0.36622107287831346
0.3629072845231974
0.3607459939649863
0.35978179837054275
0.36003651557685795
0.36151720665277326
0.3642259957025137
0.3681696663949579
0.37336699224885544
0.3798517978582145
0.38767031726734236
0.3968726535715955
0.40749976188645604
0.4195688257645751
0.4330606300567035
0.4479121810985864
0.4640162863044852
0.48122743404467544
0.4993711157161195
0.5182530614102572
0.5376663564110402
0.5573969316882406
0.5772289625519148
0.5969495179599986
0.6163475608744904
0.6352001430080614
0.653242424711468
0.6701283866667593
0.6854009490681727
0.6984956597254954
0.7087945966444145
0.715726430029263
0.7188835264940968
0.7181127749436881
0.7135452199442444
0.7055576623471222
0.6946892159559804
0.6815488165662389
0.6667417850013025
